10
10
10 5 -3 2 -10 7 2 19 3 15
5 -14 2 5 -4 -10 9 11 -2 5
14
16 13 -18 -14 -7 0 -9 13 18 -1 9 -4 -17 17
12 14 6 16 4 -11 9 16 -6 0 6 14 0 4
18
2 15 8 17 -18 -18 -10 8 -14 1 18 12 -5 17 -19 -5 -2 -16
-17 3 10 -15 -4 -12 -9 -3 7 11 5 16 -16 17 -19 15 16 -13
13
-13 -17 -1 -17 -10 -2 -2 -16 -15 -3 -10 -3 -8
-8 -16 -18 -2 -15 -17 -18 -11 -12 -15 -16 -3 -5
33
15 13 45 39 48 14 33 3 25 18 34 22 34 22 15 26 5 23 37 4 32 19 1 4 15 47 49 43 14 32 34 19 32
31 22 31 23 23 37 17 2 30 48 24 40 48 34 10 8 9 39 17 14 18 16 13 45 27 41 11 48 16 9 29 8 10
34
16 -1 -3 7 -10 -25 14 -1 21 12 -20 -7 8 -11 14 5 -9 7 2 -6 -6 10 -22 2 -5 0 4 -11 -13 -24 2 11 -13 -9
-21 -5 21 -23 -12 -20 -23 12 9 -8 -4 -23 -24 11 -20 -24 14 -18 0 19 3 -16 -20 -7 10 24 -25 21 15 -8 1 -7 2 8
22
-11 17 11 -13 -2 -3 3 2 23 -13 14 15 -2 12 6 23 -17 18 -5 23 9 -21
-25 21 -24 8 20 19 4 20 -1 -1 -9 -11 11 -22 -9 18 -17 -7 -10 -22 -15 8
24
21 -15 -5 23 15 -4 10 6 14 19 24 -11 5 21 -24 14 5 9 -24 -11 -10 -3 -13 17
-22 9 -19 -6 4 5 -24 -14 9 17 10 8 11 -21 -1 3 -4 15 9 -19 22 -10 14 -9
31
42 41 38 33 25 31 30 32 25 30 26 27 35 38 32 36 26 29 29 28 27 33 31 27 35 27 38 36 29 27 25
999 -25 -36 -26 -30 41 41 27 26 44 28 31 40 42 32 32 32 27 28 26 25 26 29 37 30 28 27 36 40 32 35
195
130 232 169 107 297 111 106 232 295 297 113 179 180 153 105 120 154 180 156 158 294 226 177 100 128 298 126 221 294 265 269 164 189 171 219 232 160 152 236 129 206 160 224 144 143 143 297 266 119 121 186 173 250 158 153 130 189 111 165 209 211 262 104 255 157 146 141 138 104 208 146 211 227 194 279 106 229 276 173 190 107 225 288 186 143 210 157 208 249 135 156 282 274 243 102 107 212 147 271 289 187 127 212 206 198 160 294 242 109 144 189 154 252 188 102 244 159 100 261 152 244 105 267 120 163 262 224 104 248 264 177 150 111 133 211 250 279 216 141 271 200 283 170 184 252 234 108 179 240 294 170 257 116 247 234 195 294 137 239 142 155 256 291 287 174 123 101 167 206 100 157 264 284 157 170 102 266 100 202 151 292 255 194 243 298 104 289 243 116 155 193 277 172 130 158
101 166 83 32 130 70 60 83 138 23 83 140 83 86 12 158 155 92 17 166 116 177 114 74 82 74 22 148 121 44 33 6 1 160 110 93 132 143 12 56 100 126 99 40 55 105 117 71 164 72 55 83 133 30 159 41 125 94 21 100 113 183 20 93 57 183 87 42 133 137 70 65 145 105 49 91 91 35 185 156 194 57 115 47 158 84 78 51 84 144 153 74 105 138 136 111 28 91 70 61 70 99 90 68 162 40 188 37 191 47 38 42 171 71 61 161 135 115 134 40 55 126 67 119 1 78 166 59 171 3 66 95 166 70 23 194 191 156 196 149 82 3 76 188 191 121 172 130 143 130 88 127 22 64 147 187 120 74 149 33 197 127 188 63 30 50 134 106 55 37 51 68 165 63 93 0 168 0 80 98 159 18 180 80 8 111 144 13 95 135 38 171 99 193 60
