2005
2011
2015
2018
2019
2020
2021
2024
2025
2026
2027
2035
2036
2037
2039
2041
2045
2052
2054
2055
2056
2057
2062
2063
2064
2065
2069
2075
2076
2079
2081
2082
2084
2086
2089
2091
2093
2096
2097
2098
2099
2101
2104
2107
2109
2116
2119
2127
2128
2129
2133
2135
2138
2139
2141
2142
2144
2145
2147
2148
2151
2152
2153
2154
2157
2158
2159
2167
2176
2177
2178
2180
2181
2182
2184
2187
2189
2190
2191
2193
2195
2199
2202
2206
2210
2211
2212
2213
2219
2223
2233
2234
2235
2238
2240
2242
2244
2249
2252
2257
2259
2260
2264
2265
2267
2275
2278
2280
2281
2287
2289
2293
2296
2297
2298
2299
2302
2313
2322
2330
2331
2332
2333
2339
2341
2343
2344
2350
2364
2368
2369
2371
2375
2378
2381
2383
2390
2394
2397
2403
2404
2407
2411
2414
2415
2420
2425
2435
2436
2438
2441
2453
2454
2460
2461
2464
2466
2470
2471
2472
2475
2478
2480
2482
2484
2489
2490
2491
2492
2495
2498
2501
2504
2505
2506
2508
2509
2513
2517
2523
2525
2527
2532
2535
2536
2537
2545
2549
2551
2553
2555
2558
2559
2560
2562
2563
2565
2566
2567
2568
2570
2571
2573
2583
2584
2590
2593
2595
2597
2601
2612
2615
2617
2622
2624
2627
2629
2632
2636
2637
2639
2640
2644
2646
2647
2648
2650
2651
2652
2659
2660
2662
2666
2668
2670
2671
2672
2677
2681
2683
2691
2693
2697
2699
2702
2703
2709
2711
2712
2713
2714
2716
2719
2720
2721
2724
2725
2728
2729
2733
2734
2735
2736
2738
2739
2740
2741
2743
2745
2746
2748
2749
2752
2753
2756
2758
2759
2761
2762
2764
2765
2768
2769
2772
2774
2776
2780
2784
2790
2791
2794
2797
2800
2801
2802
2811
2812
2814
2815
2816
2817
2818
2832
2833
2836
2838
2839
2842
2845
2851
2853
2858
2860
2861
2862
2864
2865
2867
2870
2874
2875
2881
2883
2889
2892
2893
2894
2895
2899
2902
2903
2907
2910
2916
2921
2924
2925
2928
2930
2932
2933
2952
2956
2958
2959
2963
2967
2970
2971
2979
2981
2982
2985
